13129
30.586716
2
13861
32.76834
1
14212
33.29193
1
14660
33.58649
3
15473
34.611866
2
16222
35.680862
3
17038
37.709774
4
17822
35.92084
1
18588
34.764576
1
19439
34.251804
2
20189
33.760853
3
21023
32.71367
4
21842
33.651768
3
22610
35.637047
4
23409
33.717216
1
24226
32.604588
4
25027
1.2435465
4
25842
-0.8944816
4
26659
-3.0325096
2
27460
-5.12691
4
28225
-7.1340494
1
29075
-9.359356
3
29858
-11.410129
4
30494
-13.0682
1
30693
-13.591802
3
31393
-15.424407
1
32260
-17.69331
1
33060
-19.78767
3
33860
-21.88203
4
34676
-24.020023
2
35444
-26.027119
3
36228
-28.077847
3
36879
-29.779514
2
37059
-30.259472
2
37859
-32.353832
3
38677
-34.491825
2
39444
-36.49892
1
40243
-38.59328
3
41811
-42.694736
4
43476
-47.057987
1
45062
-51.203075
3
46660
-55.391796
4
48242
-59.536884
3
49828
-63.681973
2
51428
-67.8707
1
52278
-70.095955
1
53079
-72.190315
2
53495
-73.28113
4
53877
-74.284676
4
54249
-75.24459
3
54663
-76.3354
1
55078
-77.426216
3
55459
-78.42976
3
55860
-79.476944
1
56260
-80.524124
2
56680
-81.61494
1
57044
-82.57485
1
57445
-83.62203
4
57830
-84.62558
2
58230
-85.67276
2
58628
-86.71994
1
59046
-87.81075
3
59460
-88.901566
1
59829
-89.86148
2
60211
-90.86503
4
60628
-91.95584
2
61011
-92.95939
3
61445
-94.093834
3
61844
-95.141014
3
62228
-96.14456
2
62646
-97.235374
1
62844
-97.758965
2
63049
-98.282555
3
63280
-98.89341
1
63495
-99.46063
4
63695
-99.98422
2
63896
-100.50781
4
64096
-101.0314
1
64346
-101.68589
3
65095
-103.64935
3
65862
-105.65645
4
66248
-106.659996
4
66677
-107.79444
4
67062
-108.79799
3
67263
-109.32158
2
67761
-110.630554
1
68245
-111.8959
4
69062
-114.03389
1
69862
-116.12825
4
70646
-118.17898
4
71446
-120.27334
4
72245
-122.3677
4
72646
-123.41488
3
73036
-124.41843
1
73813
-126.469154
3
74246
-127.6036
1
74646
-128.6509
2
75446
-130.74562
3
76244
-132.84035
2
77029
-134.89143
2
77463
-136.02608
1
77846
-137.0298
2
78196
-137.94624
2
78596
-138.9936
1
79079
-140.25917
1
79497
-141.35017
2
80216
-143.2267
1
80630
-144.3177
1
81012
-145.32143
3
81813
-147.41615
4
82246
-148.5508
3
82646
-149.59816
4
83047
-150.64552
4
83297
-151.30013
3
83847
-152.74025
3
84230
-153.74397
2
84649
-154.83498
2
84981
-155.70778
3
85831
-157.93343
1
86631
-160.02815
1
87031
-161.07552
2
87432
-162.12288
3
88197
-164.13033
2
88980
-166.18141
1
89782
-168.27614
3
90182
-169.3235
2
90613
-170.45815
2
90982
-171.41823
4
91446
-172.64015
4
93133
-177.0478
3
94630
-180.97542
4