13129
30.892143
2
13861
32.790157
1
14212
33.237392
1
14660
33.54287
3
15473
34.611866
2
16222
35.615414
3
17038
37.66614
4
17822
35.63723
1
18588
34.64459
1
19439
34.088177
2
20189
33.58632
3
21023
32.53914
4
21842
33.62995
3
22610
35.462517
4
23409
33.389973
1
24226
32.36461
4
25027
33.368156
4
25842
32.342793
4
26659
33.41179
2
27460
34.415337
4
28225
33.422695
1
29075
32.855377
3
29858
31.873646
4
30494
32.691757
1
30693
32.833584
3
31393
33.73896
1
32260
34.300827
1
33060
34.568123
3
33860
35.069984
4
34676
34.535393
2
35444
34.022625
3
36228
32.975445
3
36879
31.273777
2
37059
30.79382
2
37859
28.655825
3
38677
24.379745
2
39444
20.409101
1
40243
18.271107
3
41811
10.24255
4
43476
18.925608
1
45062
23.11433
3
46660
31.317421
4
48242
22.939796
3
49828
6.3591347
2
51428
-10.308758
1
52278
-14.715737
1
53079
-16.810125
2
53495
-17.813673
4
53877
-16.89739
4
54249
-17.90094
3
54663
-20.038979
1
55078
-21.173426
3
55459
-23.267832
3
55860
-27.369377
1
56260
-29.463783
2
56680
-31.601822
1
57044
-32.53992
1
57445
-33.01988
4
57830
-32.518105
2
58230
-31.994514
2
58628
-31.481833
1
59046
-31.198221
3
59460
-30.663723
1
59829
-30.423744
2
60211
-30.194674
4
60628
-30.467377
2
61011
-30.729172
3
61445
-31.31821
3
61844
-32.409023
3
62228
-34.41612
2
62646
-36.55411
1
62844
-37.0777
2
63049
-37.644924
3
63280
-38.823
1
63495
-39.30296
4
63695
-38.77937
2
63896
-38.343044
4
64096
-38.84482
1
64346
-39.19388
3
65095
-41.200974
3
65862
-45.040634
4
66248
-43.20807
4
66677
-45.30243
4
67062
-43.208065
3
67263
-41.11366
2
67761
-35.964912
1
68245
-33.608757
4
69062
-37.84111
1
69862
-39.848206
4
70646
-37.884743
4
71446
-39.891838
4
72245
-37.884743
4
72646
-38.975555
3
73036
-40.93902
1
73813
-43.03338
3
74246
-45.258636
1
74646
-46.305817
2
75446
-48.44381
3
76244
-52.63253
2
77029
-56.733986
2
77463
-58.959244
1
77846
-59.96279
2
78196
-60.879074
2
78596
-61.904438
1
79079
-62.526203
1
79497
-62.798954
2
80216
-63.26263
1
80630
-63.39628
1
81012
-63.46174
3
81813
-63.71267
4
82246
-63.565384
3
82646
-63.325363
4
83047
-63.565384
4
83297
-63.390827
3
83847
-62.649075
3
84230
-61.645527
2
84649
-60.554714
2
84981
-59.63843
3
85831
-55.23155
1
86631
-53.159004
1
87031
-52.635414
2
87432
-52.090008
3
88197
-50.082912
2
88980
-48.054
1
89782
-46.985004
3
90182
-45.937824
2
90613
-44.80338
2
90982
-43.93073
4
91446
-45.065174
4
93133
-40.61466
3